R =

   0.750000000000000                   0                   0                   0                   0                   0                   0
   0.819444444444444   0.842592592592593                   0                   0                   0                   0                   0
   0.831700244200244   0.835785510785511   0.835331705331705                   0                   0                   0                   0
   0.834669620618869   0.835659412758410   0.835651006223270   0.835656074491390                   0                   0                   0
   0.835404540824983   0.835649514227021   0.835648854324929   0.835648820167812   0.835648791719484                   0                   0
   0.835587802678873   0.835648889963504   0.835648848345936   0.835648848251031   0.835648848361161   0.835648848416529                   0
   0.835633588823752   0.835648850872044   0.835648848265947   0.835648848264678   0.835648848264731   0.835648848264637   0.835648848264600